[177,172,392,220,141,511,'dn']
[219,142,511,311,0,1400,'fdf']
[172,0,277,0,231,348,'dn']
[108,184,290,0,0,1212,'fdf']
[95,20,446,171,221,428,'dn']
[170,218,415,395,82,537,'ftl']
[123,0,303,61,493,536,'ftl']
[180,36,295,161,0,1543,'fdf']
[108,36,311,182,0,2054,'dn']
[201,0,377,717,82,382,'ftr']
[909,85,622,627,0,574,'ftr']
[486,121,497,245,154,406,'dn']
[308,133,643,214,153,540,'dn']
[213,158,538,231,176,415,'dn']
[228,173,425,310,126,544,'dn']
[146,163,543,685,137,946,'fdf']
[220,0,365,405,0,452,'fdr']
[198,0,437,150,0,1786,'dn']
[141,0,556,0,103,1830,'dn']
[0,198,541,0,113,504,'ftr']
[152,0,553,143,0,1847,'dn']
[112,0,339,0,125,1872,'dn']
[0,220,603,0,147,447,'dn']
[0,0,544,282,125,454,'ftr']
[251,166,514,0,0,356,'dn']
[0,0,474,150,0,502,'dn']
[90,0,203,185,0,387,'dn']
[187,0,382,0,156,508,'dn']
[0,157,508,0,0,1157,'fdf']
[0,163,435,342,114,588,'ftr']
[242,139,385,0,73,2181,'fdr']
[0,255,645,0,286,544,'dn']
[0,0,474,115,352,471,'ftl']
[312,113,516,0,0,1742,'fdf']
[0,253,585,125,330,638,'dn']
[121,333,638,126,481,571,'dn']
[127,480,578,0,342,1675,'fdf']
[0,226,511,134,227,499,'dn']
[135,225,502,0,0,502,'dn']
[100,0,503,326,117,1173,'fdf']
[115,333,449,0,0,435,'dn']
[0,0,544,270,0,398,'ftr']
[0,0,886,107,239,843,'ftl']
[110,284,675,100,478,605,'ftl']
[100,494,495,0,433,414,'dn']
[0,0,452,220,43,379,'dn']
[177,0,469,0,136,1241,'fdf']
[0,109,455,373,89,566,'fdr']
[0,174,590,132,231,267,'ftl']
[137,251,505,209,173,417,'ftr']
[209,179,524,161,259,590,'dn']
[161,255,591,0,209,2511,'fdr']
[0,206,616,0,156,511,'ftr']
[32,96,610,163,0,575,'dn']
[84,474,260,74,791,468,'ftl']
[247,0,454,249,152,362,'dn']
[249,153,378,399,99,381,'ftr']
[272,172,347,357,0,549,'dn']
[358,0,549,468,0,2231,'dn']
[181,59,658,604,80,566,'ftr']
[654,85,675,474,0,558,'ftr']
[346,0,516,140,227,843,'ftl']
[142,237,605,136,239,516,'dn']
[136,240,511,191,193,399,'dn']
[192,193,278,364,103,568,'ftr']
[392,107,596,317,63,1594,'fdr']
[255,0,354,183,0,484,'dn']
[0,0,606,127,327,1747,'fdf']
[317,125,505,0,0,1446,'fdf']
[172,0,502,148,0,895,'fdf']
[158,38,291,231,118,545,'dn']
[236,123,546,0,0,1708,'fdf']
[254,0,468,0,111,1350,'fdf']
[0,141,433,192,104,595,'ftr']
[238,132,623,294,121,2659,'fdr']
[112,242,809,62,857,423,'ftl']
[62,983,465,57,0,1670,'fdf']
[253,0,371,0,161,624,'dn']
[0,96,374,0,0,2554,'fdr']
